=== m21_white (rank move static history killer total) ===
1 d6e5     5180       0      0    5180
2 b1e1     3070       0      0    3070
3 g1e1     3070       0      0    3070
4 b1d1     1580       0      0    1580
5 g1d1     1580       0      0    1580
6 b1c1     1070       0      0    1070
7 g1c1     1070       0      0    1070
8 b1b2      670       0      0     670
9 b1b3      670       0      0     670
10 b1b4      670       0      0     670
11 b1b5      670       0      0     670
12 b1b6      670       0      0     670
13 b1f1      560       0      0     560
14 g1f1      560       0      0     560
15 d2d4      200       0      0     200
16 d2d3      190       0      0     190
17 e3e4      180       0      0     180
18 c3e4      180       0      0     180
19 c3d5      180       0      0     180
20 f3f4      170       0      0     170
21 d6f8      120       0      0     120
22 g3g4      110       0      0     110
23 d6e7      110       0      0     110
24 b1b7      110       0      0     110
25 b1b8      110       0      0     110
26 g1g2      110       0      0     110
27 h1g2      110       0      0     110
28 h1h2      110       0      0     110
29 c3d1       80       0      0      80
30 c3e2       70       0      0      70
31 d6c5       70       0      0      70
32 c3b5       60       0      0      60
33 d6b4       60       0      0      60
34 d6f4       60       0      0      60
35 a2a3        0       0      0       0
36 a2a4        0       0      0       0
37 c3a4        0       0      0       0
38 d6a3        0       0      0       0
39 d6c7        0       0      0       0
40 d6b8        0       0      0       0
41 b1a1        0       0      0       0
=== m22_white (rank move static history killer total) ===
1 g4g5     5710       0      0    5710
2 d6e5     5180       0      0    5180
3 e3f4     5000       0      0    5000
4 g4h5     5000       0      0    5000
5 b1e1     3070       0      0    3070
6 g1e1     3070       0      0    3070
7 d6f4     2700       0      0    2700
8 b1d1     1580       0      0    1580
9 g1d1     1580       0      0    1580
10 b1c1     1070       0      0    1070
11 g1c1     1070       0      0    1070
12 b1b2      670       0      0     670
13 b1b3      670       0      0     670
14 b1b4      670       0      0     670
15 b1b5      670       0      0     670
16 b1b6      670       0      0     670
17 b1f1      560       0      0     560
18 g1f1      560       0      0     560
19 d2d4      200       0      0     200
20 d2d3      190       0      0     190
21 e3e4      180       0      0     180
22 c3e4      180       0      0     180
23 c3d5      180       0      0     180
24 d6f8      120       0      0     120
25 g1g3      120       0      0     120
26 d6e7      110       0      0     110
27 b1b7      110       0      0     110
28 b1b8      110       0      0     110
29 g1g2      110       0      0     110
30 h1g2      110       0      0     110
31 h1h2      110       0      0     110
32 c3d1       80       0      0      80
33 c3e2       70       0      0      70
34 d6c5       70       0      0      70
35 c3b5       60       0      0      60
36 d6b4       60       0      0      60
37 a2a3        0       0      0       0
38 a2a4        0       0      0       0
39 c3a4        0       0      0       0
40 d6a3        0       0      0       0
41 d6c7        0       0      0       0
42 d6b8        0       0      0       0
43 b1a1        0       0      0       0
